f_hhh.mexa64

sigA =

    0.0086
    0.0117
    0.0117
    0.0234
    0.0234
    0.0234
    0.0234
    0.0469
    0.0469
    0.0469
    0.0469
    0.0469
    0.0469
    0.0469
    0.0469
    0.0469
    0.0469
    0.0469
    0.0469
    0.0469
    0.0469
    0.0469
    0.0938
    0.0938
    0.0938
    0.0938
    0.0938
    0.0938
    0.0938
    0.0938
    0.0938


PriA =

    2.6825
   10.0000
   20.0000
   30.0000
   40.0000
   50.0000
   60.0000
   70.0000
   80.0000
   90.0000
  100.0000
  110.0000
  120.0000
  130.0000
  140.0000
  150.0000
  160.0000
  170.0000
  180.0000
  190.0000
  200.0000
  210.0000
  220.0000
  230.0000
  240.0000
  250.0000
  260.0000
  270.0000
  280.0000
  290.0000
  300.0000

PriA0 =

    2.6825
   10.0000
   20.0000
   30.0000
   40.0000
   50.0000
   60.0000
   70.0000
   80.0000
   90.0000
  100.0000
  110.0000
  120.0000
  130.0000
  140.0000
  150.0000
  160.0000
  170.0000
  180.0000
  190.0000
  200.0000
  210.0000
  220.0000
  230.0000
  240.0000
  250.0000
  260.0000
  270.0000
  280.0000
  290.0000
  300.0000

f_hhh.m

sigA =

    0.0691
    0.0777
    0.0848
    0.0908
    0.0961
    0.1009
    0.1051
    0.1089
    0.1127
    0.1156
    0.1186
    0.1215
    0.1241
    0.1263
    0.1285
    0.1306
    0.1328
    0.1347
    0.1363
    0.1378
    0.1393
    0.1408
    0.1423
    0.1438
    0.1453
    0.1467
    0.1477
    0.1486
    0.1496
    0.1505
    0.1515

PriA =

   25.9570
   35.6959
   45.4628
   55.2436
   65.0343
   74.8486
   84.6710
   94.4938
  104.3179
  114.1420
  123.9661
  133.7902
  143.6143
  153.4384
  163.2625
  173.0866
  182.9107
  192.7356
  202.5613
  212.3871
  222.2128
  232.0386
  241.8643
  251.6901
  261.5161
  271.3435
  281.1709
  290.9983
  300.8256
  310.6530
  320.4813

PriA0 =

   25.9571
   35.6960
   45.4628
   55.2437
   65.0342
   74.8486
   84.6711
   94.4937
  104.3178
  114.1420
  123.9661
  133.7902
  143.6142
  153.4384
  163.2625
  173.0865
  182.9107
  192.7356
  202.5613
  212.3871
  222.2128
  232.0386
  241.8644
  251.6902
  261.5160
  271.3435
  281.1708
  290.9983
  300.8256
  310.6530
  320.4814
